56
18,197,56,18,
23,179,121,23,
24,159,83,24,
26,214,198,26,
27,144,126,27,
58,164,149,58,
61,188,139,61,
64,128,231,64,
65,67,205,65,
91,223,94,91,
94,237,114,94,
94,145,234,94,
150,194,192,150,
158,295,175,158,
255,271,296,255,
208,375,447,383,208,
222,227,582,325,222,
234,505,413,485,234,
242,440,434,476,242,
259,409,299,558,259,
272,593,300,546,272,
293,528,460,587,293,
303,395,500,542,303,
338,564,501,382,338,
437,572,501,456,437,
1627,2196,2112,1655,1627,
6002,6003,6007,6006,6002,
513,1226,1160,521,1245,513,
551,569,748,708,575,551,
614,777,675,755,699,614,
628,1077,1143,826,757,628,
652,1190,1129,993,961,652,
745,1124,1066,799,835,745,
877,1041,1054,903,996,877,
1010,1129,1067,1163,1162,1010,
1005,1359,2246,1436,1594,1375,1005,
1050,1661,1181,1999,1966,2287,1050,
1115,2393,2043,2276,1466,1889,1115,
1131,1780,1627,2196,2112,1630,1131,
1192,1755,2061,2142,2027,2171,1192,
1195,1931,2354,1697,2099,1574,1195,
1359,2391,1763,2112,1655,1627,1359,
1436,1710,2113,2165,2250,2052,1436,
1609,1776,1707,2414,1782,1703,1609,
6001,6002,6003,6007,6006,6005,6001,
6002,6003,6004,6008,6007,6006,6002,
2311,2824,4463,3871,3926,3610,4892,2311,
2315,4836,3024,3789,2418,4685,4996,2315,
2323,3967,2515,3059,4589,4785,3902,2323,
2375,2504,3275,4338,2803,4258,2619,2375,
2395,2541,2633,4954,3847,4426,4898,2395,
2563,3761,3196,3635,3586,4098,4407,2563,
2651,3516,4699,4210,3055,3004,3367,2651,
2666,4459,3708,3490,2934,3453,4281,2666,
2921,3541,3574,3742,3488,2990,4147,2921,
3454,3480,4589,4924,3930,4075,4671,3454,
